	A2	A1	A8	A9	A3	A5	A11	A10	A7	B4	B1	B5	B6	B7	B2	B3	B8	B9	C2	C3	C4	C1	C7	C8	C9	C5	C6	D2	D3	D4	D5	D1	D9	D10	D8	D7
GT2_Glycos_transf_2	115982	114478	133144	91158	118938	98582	135974	95816	104370	81882	117168	96506	134514	113236	170980	60472	72708	151578	173012	189206	151138	161260	124844	125066	112846	141962	194532	155718	116336	172276	151954	154062	144762	128686	175298	149820
GH2	77026	64370	96740	49844	75866	65512	102038	62934	63206	47422	77872	52834	96832	63350	129022	15342	33410	85722	120130	131490	114332	105180	88198	89518	42572	110154	136482	119790	82150	114290	108076	113468	112440	99702	137370	111824
GT4	57594	49374	73540	34456	55792	45096	75308	45010	50596	36778	54842	43212	83178	58214	94346	18654	31318	82628	91578	99790	83978	87218	65124	69992	40764	77886	108896	94352	64554	102596	91840	83670	82436	72402	95926	84970
GT41	53684	46650	63144	38598	49222	51992	66052	50672	55434	44042	54794	57606	58480	52410	76594	34094	41190	59574	79508	80444	65354	70178	58626	53468	57578	60932	84654	72128	62454	66920	67348	70662	74260	63378	83470	61282
CE1	54544	51440	59122	42684	56054	50440	69900	50062	51940	38220	57972	39486	60596	48588	73916	18884	30258	62128	71204	85410	70298	70810	58190	59044	40710	70602	92394	73564	55162	64248	71864	74104	71110	59966	82560	72028
CE10	48978	47268	54524	36054	47984	43064	59250	43560	45412	34226	52402	45002	54922	38744	66638	19990	28102	47846	67370	73542	61528	60624	51002	52936	47598	60678	74294	69366	46952	54446	65496	62152	67024	54502	70806	61716
GH3	31034	26842	32840	23726	29820	29226	38142	31910	29760	23540	33592	24872	32336	26114	42030	12946	21378	31684	41028	48766	40528	39278	35006	34970	23400	40992	47310	42510	29880	33188	40746	39222	41214	34694	46888	41334
GH97	24770	18876	35844	8056	21062	19242	35842	18308	18264	12554	22902	15104	36612	20892	47276	3208	7954	29746	41620	45914	39940	36784	28982	28604	11700	36384	45532	42210	29480	43748	36616	39334	40478	34782	45436	37052
GH31	25972	24002	29866	16244	22850	21410	31162	23716	23246	19506	26154	21032	30602	24858	41306	14390	18488	30992	37600	42902	34324	33902	28144	27760	16498	34228	45370	35174	25120	41132	31644	35900	34756	30428	41754	32990
GH78	20972	16244	23934	18874	22166	20026	26238	20370	19256	15158	23652	14840	25134	17808	28962	4960	12422	22658	30538	33622	30796	30626	26306	26576	14734	29574	38932	29120	21770	26378	30812	28142	28720	25200	35894	31294
GH92	18752	12424	19880	8452	16274	17038	27626	18290	16622	11364	19952	12844	23968	14666	26332	2064	7766	18700	25860	36028	27128	26794	21148	22530	14398	30452	34116	31482	18774	20144	30390	24674	24986	21574	33038	27736
GH28	18326	15200	23632	9168	16502	14512	21482	13512	14634	9748	16620	12132	24460	14026	30024	3804	6130	20468	27638	32098	26756	25768	19120	18342	10226	24810	29900	25548	17696	31568	23498	26754	26970	23192	30978	24046
GH106	16720	11190	21476	8510	14446	14388	22176	14104	11690	9322	16480	10302	21338	15458	25396	1546	7332	20904	25644	29650	25588	23120	20034	17890	9590	25398	28512	25614	18638	24346	24640	24400	24060	21794	32004	23590
GH77	17588	17198	18540	14130	19052	15070	20738	16090	17280	11962	18652	14322	17164	14596	24484	6118	10602	18780	23084	25590	21278	20142	18136	18704	13602	21284	27260	21260	15294	22742	20338	21682	21268	18868	24522	23298
GH51	16392	14168	20072	7424	14442	10820	20148	10628	12062	7310	13676	10040	19808	13616	27196	1236	4210	20748	23726	27594	22826	22712	17100	14834	6690	22612	29340	21394	15840	26544	19328	24328	22752	20142	27440	19056
GH95	15530	11616	21478	5276	13280	11074	20262	9938	10670	7272	13984	8898	19806	11802	28212	2498	4838	17908	25532	29532	22642	22354	17130	15068	6626	23168	28708	22950	16050	26568	20182	23942	24104	20648	27524	20806
GH13	15160	14216	17878	9324	17192	13218	19136	14756	15962	10452	15828	12834	17720	12948	23452	5598	9546	15984	21198	28050	21932	19724	17314	16000	10458	21466	27552	20576	13420	20494	19462	19496	20318	17530	24508	22860
AA6	17336	19750	16662	19590	17494	16334	19916	13942	13938	11614	19110	11812	16428	12132	19240	1546	5448	16666	22352	20892	18420	19546	18182	17922	15778	16040	21682	20190	17234	17550	21606	19302	20212	16652	22232	19514
GH20	14146	9524	16304	7036	12170	13094	21558	13790	13172	9312	15732	9054	17604	13184	20076	1412	5588	16382	23146	26736	21704	22702	17818	18246	10812	24222	25642	23502	16092	16248	25276	20284	20864	18334	26430	22820
GT35	14866	18048	13264	18754	16180	14726	16874	17136	15094	14214	18166	13368	13198	11382	15614	11348	13668	13564	16992	17282	15978	15692	15902	17820	11448	14992	20858	14456	12554	13178	16342	17240	16616	13472	18388	16920
GH29	12564	8548	16726	6922	11346	11272	18856	12098	11224	8280	13196	8552	17976	11306	19888	1514	5364	15262	20494	23808	19466	19918	14536	16872	9834	20874	23510	22736	14796	15638	22512	18266	19168	16340	23810	20040
GH25	13034	15476	14320	10638	17274	11302	14692	11430	13306	9498	15504	11568	13248	12878	18616	7958	10844	16564	16054	18154	15854	16578	13170	12690	11368	14232	21260	14128	11874	18540	13480	16508	14518	12702	17076	15768
GT5	12978	14284	12848	14128	16110	11918	17348	13338	12106	10202	15498	10358	13866	10580	15840	6306	8988	12612	15796	16756	15092	14650	12294	15518	10050	15008	19678	16718	14138	11076	17346	16976	15302	13570	17932	17892
GH36	13078	15080	12958	14654	16902	12064	15376	10628	10624	7744	15264	8242	13386	10084	16318	1116	4960	14394	15770	17958	16894	15648	13540	13266	7762	15962	19694	14362	12342	13918	14836	16306	15242	13150	18286	15048
GT2_Glyco_tranf_2_3	11428	10052	13250	7568	11824	8732	14160	9182	10070	6354	11218	8290	15442	11382	18832	1862	3834	17596	18152	21340	16378	16834	13528	12222	7994	14664	21942	17152	11162	21154	16362	16864	14928	13800	19516	15810
GH109	11580	10696	12482	9090	10722	9866	14122	9574	9824	6280	12684	9132	13992	9730	16150	1094	4130	14220	17382	18274	16788	15528	12788	13898	11762	14922	22310	15292	11994	13618	15194	16280	13962	13548	18868	16382
CE7	11644	11152	13300	9576	12302	10062	12540	10436	11490	8436	11424	10244	12350	11260	15216	6026	7924	14652	15698	18200	13318	15102	12278	11214	10060	13540	19010	14310	11136	14350	13382	13624	14784	13134	16340	14470
GH23	11186	9056	13842	5544	9140	8380	14450	7780	9028	5720	10266	8674	13552	9538	16492	998	3402	14898	18620	17162	14748	14696	11976	11710	10360	13592	19108	16644	11766	18216	15788	14730	15240	13228	18304	14166
CE3	10996	11680	11812	8400	9946	9186	14322	9788	10032	6492	11646	8116	12324	9026	13660	4016	5056	12098	16214	18126	13804	14510	11410	12732	11004	14556	18906	14258	10886	12562	15056	14360	13652	12020	17022	14460
GH115	10670	7958	15758	2432	8230	6282	13914	5468	6120	3854	7676	5924	13978	8758	21710	1728	2372	13440	17530	20668	17172	14908	12008	10820	2878	15616	17062	16306	11408	22782	13146	17240	17242	14692	19832	13668
GH5_4	9274	7712	10616	6384	8084	8040	9902	13536	9692	11288	7588	8176	10164	10068	14616	26012	14412	15944	12958	18658	12742	14122	12974	10068	4148	11842	15856	12406	7544	21984	10394	11720	12224	10634	13776	10876
GH10	10558	8326	14074	4000	8188	6814	12448	7884	6844	5642	7638	6638	13620	10244	19750	5036	4994	16780	15116	18382	15894	14538	11798	10134	2944	13620	17532	14198	10188	24268	11792	15806	15216	13938	18242	12442
CE4	12550	12768	12976	9426	8896	8286	14368	8428	9936	6428	12540	9750	12570	7838	15000	2058	3722	10706	16266	14694	12978	13062	10718	13366	11728	11616	17386	15306	11262	11432	14674	14180	15198	12680	16748	13372
GH43_10	10160	8430	13090	2710	10862	6202	12924	5538	7032	4130	7780	6150	13324	8366	18350	1298	2458	13608	15562	19338	15102	14988	10408	9228	3198	14552	19450	14376	9464	21250	11772	15094	14656	13430	18128	13028
GH94	10450	10624	9986	14028	12670	10576	12010	11716	8548	8314	11850	6650	11260	7296	13434	4746	6538	10352	11826	11316	12484	11712	11636	14428	4800	11538	14478	14324	10242	11730	13364	13102	12614	10544	14094	12544
GH32	10510	11272	12492	9828	12468	8390	12026	6930	9466	5512	10938	9852	10262	7528	14686	1566	3474	10998	15122	16274	12136	12170	9802	9086	8456	9500	17856	10994	9036	16614	11948	12798	12382	11276	15758	12736
GH26	10052	6968	12124	4024	8548	7022	10634	7510	8610	5358	8774	6822	11200	9856	15820	4184	4950	15010	14604	18166	12806	14340	10596	9186	5416	14562	18192	12300	9158	17180	11572	13466	12822	11522	15786	11748
GH53	9306	9178	11362	3990	7954	6280	11708	6064	7608	4480	8898	5638	11298	8632	14550	1478	3126	12992	13438	14878	12870	12720	10338	10638	4492	11788	17116	11684	8960	16900	11248	12964	13064	10886	14726	12616
GH127	8800	7580	11192	4904	7502	6770	11142	6922	6434	4962	8532	5416	10810	7744	13518	1044	3126	10848	13202	16838	12668	13376	10860	8874	5404	14016	16022	12102	9380	16686	11638	12660	12660	11666	15850	10804
GH105	8496	7874	11936	5056	7564	7076	10482	6302	6594	4822	7992	5152	11556	6568	15360	2358	3220	9868	13936	14696	12688	12256	8886	9520	3378	11612	14200	11804	8588	13546	10828	12466	13820	11742	14870	11398
CE8	8488	6612	12704	4178	7790	6640	9686	6074	6628	5354	6606	5414	10830	6264	14716	4524	4576	9078	12778	14346	11660	11690	9092	7860	3352	11448	14396	12400	8164	15748	10464	12882	13310	10980	13632	10328
GT28	10006	9746	9572	7000	9708	6852	11526	6974	7744	4782	10038	7140	9498	7322	11600	994	3184	10390	13012	13086	10938	10594	8974	9544	8148	11024	14404	11716	8970	10788	11862	10666	10038	8850	12306	10956
GT8	5662	7098	5638	5858	4674	7938	6398	11054	11880	12896	7810	14262	5372	12504	7622	21446	19312	7980	8500	9126	6358	6686	6720	7168	22320	6920	9234	7968	5086	6102	7492	7274	8210	6368	7634	7430
GH9	7464	6880	8018	5894	6156	7260	9706	11788	7376	7360	7904	6436	7956	5510	11652	11096	8078	7326	9418	13196	10694	8360	8756	8574	4272	12922	12288	9848	7418	8692	9400	11208	10332	8910	12954	10646
GT19	8304	6742	10334	3408	6242	5516	11420	5198	6372	3858	7740	6370	9514	6756	12208	684	2654	9714	12988	13256	10644	11052	8112	9026	7726	10546	13970	12102	8918	12184	11526	10926	11208	9878	12968	10392
GT51	8706	7220	9648	6222	8374	6850	10424	6306	6618	4588	8332	5712	9174	6418	12082	806	2980	9776	12156	11974	10398	10454	9106	9304	6656	9680	12264	11474	9214	10214	11508	11214	11530	9870	12296	9378
CE2	9664	12900	8126	6648	8228	5662	9358	6044	6330	3964	8880	5216	8480	7460	10276	3250	3700	11896	9396	12308	9194	10418	8134	7884	4314	9168	12220	9600	6638	13376	8558	9530	8826	7796	10636	9372
CE12	7380	6890	10046	3256	6046	5608	9172	5414	5356	3838	6320	4406	10426	5146	12916	2844	3096	7000	11404	12128	10870	9608	7584	8114	2728	10094	12396	10500	7554	11594	8750	11390	10770	9740	12422	9940
GT83	7762	7398	8736	7588	7834	7140	9986	6646	6098	5842	7988	5962	7898	5618	8706	922	3536	7132	10452	9380	8488	9458	8736	8492	7892	7276	9538	11870	8664	6430	12350	8944	9824	8224	10120	8218
GH73	7426	6286	9146	3664	6640	5772	9452	5092	6196	3576	7956	5396	8584	6742	10636	724	2206	9892	10782	11194	9320	9530	7724	7698	5994	8732	12578	11112	7252	9190	9780	9314	9486	8702	10564	8780
GT9	8044	6382	11620	2776	4814	4584	9144	4322	6646	3222	7450	10168	7278	5148	11640	574	1444	7284	12916	10344	8522	7590	5846	6588	13140	6430	10860	9922	8680	9522	10368	9342	10886	8796	9978	8050
GH33	6372	4716	8024	3280	5824	5784	8642	5874	5608	4260	6552	4218	7812	4960	9528	1610	3068	6602	10646	10954	9432	9918	7768	8020	4814	9218	11978	8506	6582	7860	9516	7506	9110	7710	10518	9540
CE9	7286	6784	6792	8146	6362	6944	8608	6808	6512	4864	8326	6180	6514	4674	7288	830	2522	5680	9094	7968	7764	7664	6752	8404	8056	7670	8900	9106	7358	5294	9764	9112	8764	7046	9260	8960
GH16	5776	4286	6538	3192	5960	5184	8592	6480	6118	4846	7184	5290	7316	5376	8366	3992	5294	6808	8454	11520	9204	8924	7704	7716	4890	10104	9976	8802	6058	8010	8284	8894	7804	7212	10228	7428
GH146	5928	5818	8132	2222	5638	3868	8166	4332	4482	2692	5500	3878	6756	4546	10554	420	1494	6556	9522	9708	9168	8362	6374	5838	1890	8114	11506	8582	6684	8424	7632	9584	9578	8256	11800	7072
GH35	5440	4086	7772	2108	4510	3756	6538	2738	3360	2150	4550	3420	7892	4628	10904	544	1384	6814	9468	10562	8828	8356	5684	4950	1766	7740	8754	8606	5578	11166	7010	8734	8702	7844	10928	6498
GT3	5438	4086	7192	1766	4874	3638	7152	3884	4722	2434	5048	3830	7030	5014	9116	428	1516	7314	8768	10402	7804	9038	6746	5214	2404	7800	10638	7438	5632	9732	6200	7820	8094	6442	8912	6620
GH13_38	5284	4134	7402	1636	4624	3926	7230	4246	4522	2746	5210	3604	6748	4672	9284	902	1920	5904	8280	8950	7972	7418	5842	5692	2856	8122	10588	8074	5536	7790	6650	7562	7952	6928	8650	7308
GH133	5038	4074	6844	1976	4368	4072	7504	4070	4138	2688	4786	3574	6682	4756	8172	530	1650	7004	8000	9998	8000	8304	6012	5524	3034	7848	9576	8320	5718	8322	7308	7812	7816	6384	8592	7192
PL11_1	5516	4352	8524	1552	4502	3966	7802	2638	3064	2138	4192	2398	8168	3332	10662	382	982	4320	9520	8834	8846	8058	5096	5182	1428	7720	9174	7990	5720	7492	6484	8122	8286	7356	10260	6220
GH13_8	4524	4284	5168	4370	4266	4704	6374	6212	5608	4864	5286	4828	5454	5122	5988	4480	4744	6524	6750	7908	6872	6744	6184	5720	4638	5672	8132	6732	5354	6522	6594	6270	6288	5496	7154	7058
CBM32	5054	3656	6312	3552	3998	4604	6818	4492	4088	3906	5412	4008	6254	4572	6996	2970	3822	5950	7882	7482	7696	6518	6542	6636	3336	6144	8304	6650	6690	6194	6412	6962	7306	6440	8360	5914
GH43_35	5430	4610	6508	3010	4900	3584	6488	3452	3496	2786	4520	2608	6674	4616	9430	1050	1646	7462	7318	8512	7520	6804	5382	5912	1756	6238	9154	7364	4834	8862	6118	8360	7548	6374	8816	8414
GH43_29	5326	3952	6936	1454	4586	3446	6366	3294	3922	2588	3784	2918	6376	3998	9800	1712	1884	6166	7796	9184	7498	7108	5392	5012	1940	7624	8636	7960	5600	10216	6378	8348	7750	6826	9108	6638
CE15	4660	4198	5968	2136	4050	4150	6322	4020	3526	2460	4554	2818	6432	3976	7858	782	2020	5522	7112	7934	8204	7388	5740	5478	2760	7934	9194	7188	5048	7050	6622	7344	6954	6134	8808	7052
GH18	5222	4590	3798	4340	4624	4756	5648	6068	5910	4970	5670	4850	4110	5350	4432	4136	5754	5708	5600	7670	6052	6506	5518	5300	4184	7022	7288	5904	4330	3294	7252	5532	5708	4718	6972	5312
GH13_14	4888	4982	5668	3422	6094	4362	6232	3858	4464	2806	4322	3128	5412	4038	8106	1020	2138	5778	6460	6976	6484	5688	5122	4716	2588	5514	7876	5214	4334	7766	5054	6554	6270	5218	6586	6368
GH130	4776	3740	4748	3264	3938	3748	5586	3924	4354	2384	4738	3358	4958	3946	5924	508	1854	5056	6390	8918	5840	6882	4836	4772	3248	7460	8036	6236	4440	4854	6174	5880	5636	4768	6848	5900
CE11	4232	3394	5614	1750	3508	3148	6214	3248	3980	2202	3940	3450	5542	3426	6598	402	1506	4576	6636	7386	5540	5850	4542	4920	4584	6330	7616	7672	4728	5532	6728	6300	5796	5532	7054	5862
GT30	4452	3078	6152	1302	3324	2570	5912	2454	2876	2024	3036	2658	5976	3606	7818	350	1294	5440	7738	6132	6234	5974	4704	4840	2478	5102	8748	7116	4926	7366	6280	6180	6246	5598	7082	5316
GH13_36	4352	4856	3990	4700	5020	5302	5928	5158	4744	3352	4822	3248	4542	3972	5070	482	2316	4732	4436	6634	5428	4758	4696	5406	3416	6360	6274	5806	3670	3098	5714	5502	5900	4368	6324	7308
GH89	3860	2526	5050	1812	3338	3132	5518	3440	3656	3158	4728	3432	5356	3918	6436	1994	2908	4588	6622	6776	6356	6002	4994	5664	2124	4986	7090	7300	5176	4652	6378	5662	5400	5024	7296	4158
GH43_4	4112	3738	5114	2172	3816	2562	4964	3444	3240	3292	3374	3198	5162	3442	7480	3262	3404	5086	6298	7228	5770	5756	4528	4278	1596	4572	8386	5862	3810	7560	4804	6242	5922	5120	6482	5126
CBM67	3960	3150	4930	3524	4222	3770	5204	3472	3484	3216	4398	3570	4738	4004	5484	1490	2724	4752	6200	6384	5928	5450	5434	5428	2160	4532	7198	4904	5002	4888	4840	5792	5148	4420	6572	4866
GH27	3948	4166	4136	2712	3722	3528	4716	4726	4302	3182	4356	3792	4670	3856	5258	2588	3434	3916	5804	7186	5010	5984	4586	4584	2976	5848	6860	5346	4296	3632	5322	5122	5502	4598	6440	4594
PL1_2	4072	2558	6640	1004	3092	3088	4798	2156	2994	1890	3282	2266	5980	2606	7434	354	980	3400	7034	6394	6322	6710	4470	3490	1426	6120	7216	6262	3856	6518	5164	6078	6482	5776	6744	4856
GH67	4034	2898	5592	1560	3310	2732	4516	2140	2274	1698	2884	2194	5004	3120	7606	262	800	5104	6294	6898	5568	5370	4266	3458	1192	5350	6450	6014	4086	8412	4852	6538	6308	5388	6830	5156
GH57	3800	2902	4258	1758	2842	3128	5730	3272	3910	1960	3978	2514	5022	3380	5282	332	1406	4436	4946	5900	5506	5022	4016	5386	2582	5482	6914	5258	4092	4296	6034	5648	5692	4448	6396	6730
GH13_9	5144	7016	2930	7300	5696	4532	5100	4518	3992	2984	6018	3796	3188	2566	3768	1250	2072	3324	4582	4418	4256	3888	3940	5332	4552	3788	5070	3284	3716	2458	4680	4586	4230	3566	5024	5144
GH13_6	4290	2948	4990	816	3338	1896	5382	1926	3106	1440	3042	2186	4720	4298	6798	276	784	6424	6178	6536	5764	5466	4568	3656	1170	5164	8350	4750	3836	7688	3716	5420	5224	4786	5784	4772
GH163	3376	1892	3822	1918	2810	2686	6006	3542	3738	1794	3576	2738	4600	3046	4458	430	1380	3352	5364	7644	4948	5284	3738	4198	3890	6342	7160	4480	4012	3494	5524	5542	4556	4330	6938	6888
AA3	4226	5250	2860	6702	4362	3852	5588	4166	3606	3376	4850	3164	3174	2508	4536	990	1520	3320	4702	4216	4192	4566	3860	4386	5230	3724	5562	4680	3754	3010	4754	4784	3864	3374	5380	4906
GH76	3620	3168	4122	1698	3254	3010	4018	2936	3242	2382	3554	2776	4488	3268	5796	1568	2534	4636	5390	6754	4728	5474	3832	3550	2520	5260	7524	4782	3560	4652	4650	4748	4574	4104	6092	4426
GH43_2	3388	2484	4846	1004	3030	2424	4302	2396	2434	1670	3016	1982	4428	3412	6562	448	940	5364	5320	6876	5006	4800	4070	3526	1888	5604	6880	5148	3410	7258	4820	5176	4564	4226	6004	4690
GT11	3706	2880	5248	1010	2770	1944	3790	1752	2552	1516	2828	3714	4306	3644	6870	968	1094	5922	5676	6012	4448	4848	3854	2620	2962	3960	5754	6036	3360	8532	4114	4766	5098	4528	5638	3996
PL9	2530	2944	2382	5816	3324	5190	2864	6058	4462	6082	4008	3704	2364	3272	3148	9146	8050	3554	3124	4426	3850	3480	4196	2810	2276	3176	2912	3010	2684	2404	3312	3180	3496	2584	3996	2198
GH141	3402	1872	4652	1146	2186	2058	3398	1832	1738	1766	2738	1436	4390	4072	5168	772	1430	6462	5096	7110	5074	5374	4300	2686	1700	4684	5334	4864	3338	7410	4236	4500	4712	4420	6054	3426
CBM48	3618	3310	4198	2896	3782	3116	4380	2752	3056	2192	3740	2388	3806	2934	4720	572	1396	4360	4626	5444	4322	4412	3928	3318	2072	3984	4888	4140	3280	5094	4128	4436	4466	3640	4896	4058
PL1	3072	2014	4774	1668	2948	2552	3460	2552	2768	2828	2778	2262	3950	2946	6114	2882	3528	4494	4750	4340	3796	4416	3208	2640	1458	4234	5520	4660	2986	5904	4044	4726	4336	3998	5258	3504
GH13_31	4220	6394	2608	7798	6582	4320	4438	4284	3520	2678	5756	3982	2198	1716	3184	316	1482	2226	4150	3418	3282	2692	3202	3788	5318	2660	4240	2948	2910	1624	4026	3612	3132	2568	3684	5020
GH1	3652	5016	2300	9106	6226	4856	3798	3970	3838	3544	5332	3922	2484	1674	2766	400	1816	2312	3580	2512	3538	3038	3556	4554	3226	2478	4848	3130	2522	1662	4286	3790	3264	2712	3886	5936
GH5_7	3076	2132	3986	918	2744	2260	3488	1970	2544	1312	2274	2038	3650	2980	5184	234	848	4480	4918	6162	4592	4810	3138	2906	1394	5044	6160	4970	2694	5838	3938	4492	4448	3742	5432	4126
GH13_20	3108	4038	2838	4436	3414	3208	3302	3192	2624	2164	3340	2136	2808	2180	3296	1246	1906	2692	2892	3012	3192	2704	2668	3188	1800	3020	3542	2932	2702	1896	3046	3596	3466	2686	3268	4240
GH13_1	828	3126	124	2154	442	4378	616	7430	7966	9630	3756	9550	908	5584	376	13506	15696	2016	286	1086	524	98	2216	1772	7390	376	696	138	344	56	212	494	230	274	102	242
GH43_5	2634	1992	3572	570	2190	1434	2742	1144	1886	808	1940	1470	2996	2346	4816	138	490	3876	4010	4836	3950	4020	2564	1906	872	3564	5022	3662	2530	5396	2974	4304	4026	3616	4926	2884
GT92	1190	2078	2388	2138	1054	2788	1170	4564	4460	5924	2202	7208	680	3798	1288	18472	8876	1400	2602	1044	744	662	1318	1642	7514	630	1034	894	1064	518	1594	822	2188	1666	880	600
GH39	2416	2000	2262	2472	1774	2224	2744	2210	2106	2174	3160	1858	2252	2192	2904	1902	1786	2656	3764	3378	3394	3012	2798	3634	2214	2576	3544	2762	2996	1840	3398	3598	2722	2614	3890	3980
GH154	2592	3614	2498	2734	2782	2842	3246	2568	2046	2030	3196	1816	2626	1634	3192	1040	1056	1952	3236	3872	3240	3260	2610	2472	2122	3354	3642	2898	2660	2502	2720	3138	3148	2762	3720	2358
GT66	2604	3848	1594	4370	3590	3940	3030	3406	2646	3058	3788	1986	2322	2250	2326	1140	1942	2542	2596	3710	2618	3020	2704	2508	3208	2354	2696	2868	2362	1274	2796	2486	1974	1838	3162	2326
GH99	1906	2012	2692	1586	1708	1968	3216	2006	1934	1572	2678	1810	2894	1718	3868	3158	1420	2024	3490	3540	3870	3202	2406	2516	1512	3218	4682	2820	2482	2712	2824	3048	3260	2588	3408	2592
GH125	2504	1946	1958	1292	1858	2272	3192	2934	2760	1770	2710	2078	2068	2548	2640	1422	1986	2674	2806	4088	2834	2794	2674	2782	2600	3466	3736	2450	2130	1948	2876	2766	3072	2498	3318	3626
GH43_7	2606	1636	3350	376	1898	1416	3002	1106	1446	794	1810	1098	3248	1976	4730	144	384	3462	3648	4174	3164	3164	2626	2142	744	3138	4198	3510	2408	5212	2678	3626	3348	3138	4052	2922
GH13_39	3526	4480	1778	4926	2938	2722	3334	2808	2446	2038	4092	1872	1708	1684	2132	394	1136	2126	2272	3134	2628	2288	2550	2868	2416	2632	3074	2076	2248	1486	3066	2848	2448	2014	2644	3026
PL22	2168	1204	3030	1118	1934	1888	2878	1668	1558	1376	2276	1336	3028	1776	3394	302	1042	2152	3380	3060	3170	2780	2888	2590	1226	2988	4058	3550	2988	2940	3368	3332	3706	3066	3820	3220
GT94	2044	1426	2186	1094	1992	2188	2628	2114	2436	1490	2156	1920	2950	1794	2800	218	948	2160	2868	4136	2826	3346	2230	2678	2310	3546	4430	4182	2044	1878	3644	2880	2712	2316	3654	3214
CE6	2210	1832	3118	1466	1632	2126	2272	2196	1680	2160	1888	1646	2404	1712	3766	3344	2628	2164	2960	2448	3274	2280	2578	2644	676	2634	3234	2890	2422	2838	2222	3430	3242	2668	3204	2352
GH8	2402	1870	3366	622	3236	1356	2582	1228	1410	700	1776	1298	2448	1552	4984	156	540	2390	3152	3534	3188	2592	2162	2076	596	3078	3802	3480	2700	3250	2826	3838	3888	3084	4282	2774
GH43_12	2198	2124	2992	1032	3088	2114	3204	1760	1606	1204	2148	1438	2520	1270	4244	732	912	1768	2960	3012	2852	2562	1972	2428	1002	3214	4314	3658	2096	2868	2718	3690	3182	2736	3168	3162
GH43_34	1930	1628	2760	846	1858	1584	2950	1690	1780	962	1946	1310	2852	1224	3760	262	560	1544	3438	4090	3462	2780	2214	2494	994	3680	3390	3054	2142	3158	3068	3104	3390	2690	3942	3188
CE14	2308	1988	2412	2518	2306	2108	2824	2082	1814	1432	2472	1928	2916	1368	2626	628	962	1692	2628	2950	2976	2572	2222	2308	1528	2524	3326	2904	2578	2182	2686	2770	3108	2358	2886	2708
GT27	1924	1738	2560	1716	2038	2110	2408	1820	1628	2050	2618	1460	2210	2228	2668	480	1796	3252	3052	3158	2764	2472	2754	2088	1068	2398	2378	2132	2784	2188	2434	2448	2882	2340	2808	2240
CBM13	1594	1846	2276	2744	2142	2186	1846	2844	2092	2864	2300	2036	1802	1836	2308	5178	4374	1520	2190	1826	1744	2010	1984	2394	1302	1510	2530	2114	1852	1678	1938	2512	3166	2346	2582	1608
CBM6	2082	1320	3228	1016	1714	1648	2442	1334	1034	1146	1588	1022	2460	1244	3874	532	738	1940	2986	2730	3110	2668	2268	2128	626	2838	2332	3370	2612	2732	2308	3694	3524	3108	3772	2594
CBM66	1948	1712	2074	1262	2042	1830	2552	1930	1828	1006	2174	1220	2480	1382	2666	264	736	1930	2740	3382	2616	3280	1956	2354	1990	3388	3330	2852	1760	1848	3042	2660	2634	2192	3338	3312
GH13_11	2112	2502	2038	3098	5322	2078	2344	1860	1564	1160	2874	1714	1692	1048	2926	126	870	1592	2700	2692	2254	2288	1700	2200	1618	2342	2718	2698	1862	1932	2586	2802	2542	1888	2294	2942
GH43_19	1776	1396	3044	614	1556	1448	2522	1192	1180	1002	1364	1094	3312	1102	3994	1034	884	1328	3208	3240	2964	3032	1852	1708	630	2948	3536	2970	2390	3386	2300	2864	3214	2806	3684	2362
CBM9	2194	1952	1814	1542	2006	2096	2906	2290	2292	1064	2214	1364	2242	1504	2012	200	854	1832	2428	3926	2446	2696	2132	2406	2246	3640	3184	2740	1526	1472	2898	2290	2218	1908	2802	3190
GT32	2004	1420	2558	1038	1488	1346	2182	1322	1472	1124	1984	1118	3258	1226	2950	664	926	1670	2636	2906	2432	2582	2120	2106	2044	3188	3056	3490	2168	2638	3114	2760	2422	2362	3336	3016
GH143	1628	1030	2808	392	1492	1150	2016	812	986	658	1292	600	2578	1888	3708	178	366	3460	3128	4080	2788	3012	2312	1516	772	2692	3230	3048	1546	4916	2446	2620	3446	2818	3588	2462
AA5	1452	1368	2086	1000	1400	1880	2368	2020	2030	1848	1584	1508	2516	2156	2866	2510	2554	1982	2326	2094	2724	2224	2352	2382	1230	2520	2452	3320	1814	1752	2210	2094	2540	2214	2668	1886
CBM61	2094	1168	2956	882	2064	1408	2250	1114	1528	1062	1552	900	2968	1050	3574	398	392	1542	3680	2566	2408	2952	1928	2118	574	2206	3028	2912	2266	2216	2272	2940	3060	2686	3198	2536
GH5	1506	898	2028	1402	1132	1468	2224	1444	1602	1474	1666	1194	2902	1226	2342	1100	1260	1808	2398	2322	2574	2454	2324	2432	1938	2342	3304	3040	2232	1866	2960	2586	2252	2000	3248	2520
GH43_1	2012	1664	2752	738	1554	1242	2102	1452	1380	942	1442	1196	2382	1280	3364	1246	940	2050	2850	2730	2406	2660	1914	1766	474	2692	2898	2756	1924	3078	2102	2966	2794	2184	3008	2234
CBM56	2014	898	2954	728	1508	1434	2254	1204	1326	1044	1624	970	3080	1076	3338	240	528	1184	3224	1924	2804	2680	2072	2360	998	2040	2638	3480	2532	2078	2504	2542	3510	2634	2846	2550
GH13_32	658	1964	214	1374	508	3256	546	5690	5366	6336	2776	6488	604	4450	286	7694	11026	1528	206	696	388	100	1454	1250	4938	316	496	104	282	248	204	392	188	206	114	168
GT26	2234	2246	2786	1024	1374	1192	2272	1090	1578	900	1776	1510	1930	1410	2976	212	510	1918	2912	3902	2332	2158	1694	1950	1838	1738	2836	2338	2100	2030	3092	2758	2674	2216	2810	1762
GH5_21	1768	1128	2700	146	1192	818	1912	598	1192	580	1130	912	2478	1798	3712	78	228	3592	3090	3218	2504	3100	1796	1540	434	2054	3834	2486	1668	4458	1920	2830	2454	2228	3160	2268
GT2_Glyco_trans_2_3	1844	1330	2554	1316	2058	1592	2330	1218	1350	962	1814	1304	2172	1256	3198	148	588	1572	2940	2590	2646	2220	1794	1806	914	2386	2354	2708	2078	1940	2316	2738	2924	2488	2802	2088
GH74	1560	1120	2166	1036	1326	1128	2312	1498	1708	1430	1166	1620	2228	1182	3044	1400	1854	1930	2716	2508	2358	1964	1900	1746	748	2394	2862	2402	1992	2080	2198	2296	2912	2208	2624	1906
GH140	1764	1240	2366	1254	1880	1114	1958	914	940	938	1640	738	2084	1778	2408	132	352	3004	2388	2464	2462	2308	2126	1588	630	1994	2546	2288	1844	3372	1864	2228	2418	2180	2728	2158
GH63	1674	1088	1258	968	1526	1326	2070	1872	2166	952	1816	1158	1750	1494	1658	412	676	1692	1988	3252	1944	2564	1506	2012	2014	2968	3406	1846	1296	1172	2518	1980	1934	1586	3052	3278
GH13_4	1872	2920	1142	4252	2428	2078	2194	2354	1732	1308	2330	1358	1676	816	1434	252	742	1180	1680	1312	1672	1490	1898	2740	1898	1380	2044	1724	1402	772	2130	1802	1780	1478	1638	3362
GH24	1272	1230	1570	1268	2386	2292	1320	2842	2066	1922	2096	1964	1362	1038	2374	2434	2334	962	1680	2160	1490	1434	1174	1620	2828	1274	1874	2014	1296	1630	1632	2056	1762	1314	1930	1860
GH119	1114	746	2718	1154	1678	1566	1838	968	946	1464	1170	894	2794	822	2352	138	560	968	2796	1446	2524	2308	2034	2220	834	1678	1844	2522	2286	2454	4092	2028	2134	1992	3008	1328
GT87	1524	1340	2252	372	1454	828	1934	702	1212	424	966	1194	2414	706	3424	96	246	1072	2840	3052	2644	2280	1368	1424	736	2550	3022	2536	1390	3068	1972	2434	2400	2176	2476	2264
GH5_38	1478	1278	2288	230	1238	826	2170	898	1166	412	1026	802	2300	1474	3400	122	302	2192	2418	2034	2408	2008	1302	1646	664	2224	3684	2640	1522	2792	1732	2554	2268	1944	2372	2876
GT2_Glyco_tranf_2_4	1476	1192	1288	952	2636	1414	1474	1556	2044	1314	2652	1664	1536	1644	1484	804	1612	1680	1898	2992	1638	2330	1504	1380	2308	2382	2498	1746	1042	1278	1914	1584	1666	1520	2116	2256
PL10_1	1524	1562	2424	302	1316	866	1730	520	1122	528	1036	622	2722	908	3694	54	140	1328	2564	2304	2418	2072	1496	1482	468	2418	3538	2582	1392	2752	1616	2318	2220	2222	2618	2572
CBM4	1886	1216	2372	944	1682	1256	1996	1082	976	744	1402	808	1996	864	2942	192	518	1298	2348	1630	2158	1872	1730	1984	420	1588	2688	2196	1886	2288	1798	2588	2382	2174	2664	2348
GH42	1550	1564	1532	2044	5002	1644	1876	1336	1104	1202	2526	1008	1184	1038	2018	346	816	1484	1926	2362	1892	1748	1492	1556	1062	1558	1784	1660	1554	1348	2184	2296	1852	1378	1952	1580
GH139	1462	442	2478	180	900	750	1446	552	574	436	1096	480	1968	1330	2886	96	270	1830	2640	2880	2250	2244	1852	906	656	1992	2880	2384	1520	4886	2106	2410	2394	2358	2988	1508
GH5_2	1804	1588	1632	916	1466	850	1490	840	1246	620	1154	808	1480	1966	2264	118	436	3668	1956	2748	2242	2410	1814	1382	522	1584	2954	1538	1310	3488	1442	2096	1958	1768	2432	1822
CBM50	1940	1720	1674	2088	2056	1684	1980	1520	1292	1116	1708	992	1460	1018	1996	284	648	1506	1996	1988	1798	1834	1712	1800	1326	1696	1964	1720	1898	1432	1874	1880	2144	1504	2384	1652
GH88	1446	1350	1688	1352	1334	1482	2184	1270	1114	988	1758	1214	1824	1090	2284	292	568	1342	2208	1828	2222	2276	1730	1582	734	2032	2416	1996	1942	1942	2036	1874	1914	1778	2244	1598
GH138	1566	604	2302	550	1984	706	1210	474	844	502	1028	464	2020	1204	2708	78	144	2336	2078	2808	1994	2254	1594	994	494	2016	2364	2292	1250	4040	1700	1982	2340	2002	2540	1522
CBM20	1248	1106	1660	834	1066	1316	1666	1878	1702	2256	1410	1908	1560	1660	1892	3288	3342	924	1678	1700	1354	1216	1592	1322	1180	1144	1468	1610	1448	1096	1428	1724	1726	1434	1440	1680
GT81	1630	2026	892	2682	1968	2230	2178	1942	1562	1580	2286	1022	1010	1230	1478	218	924	1504	1714	2042	1510	2136	1768	1332	1876	1676	1938	1322	2038	740	1564	1666	1154	1004	1710	1310
GH123	1332	1064	1412	1134	906	1218	2358	1116	1134	774	1460	878	1656	1394	1720	184	568	1754	2508	2300	2594	1962	1636	1744	782	2070	2636	1598	1658	1658	1852	1986	1556	1526	2438	1980
GT1	1354	2052	1038	3408	1716	1684	1322	1924	1356	1548	2070	1150	926	1014	1262	1526	1594	1312	1666	1484	1146	1562	1558	1454	1186	1190	2122	1182	1282	800	1508	1456	1492	1272	1684	1570
CBM26	1438	1414	1750	1560	2824	1654	1956	1350	1524	1386	1994	1104	1384	946	2034	186	680	1258	1610	1742	1622	1582	1688	1406	1336	1084	1818	1168	1508	1368	1442	1656	1580	1464	1876	1292
CBM35	1368	906	1628	826	1338	1040	1546	938	1080	808	1354	716	1350	1290	2154	348	774	1810	2118	2200	1838	1692	1748	1436	476	1498	1926	1374	1792	1754	1326	1856	1868	1528	2158	1336
GH43_24	906	956	1512	974	960	896	1510	862	1150	788	1084	772	1512	1422	1894	712	850	2486	2178	1666	1834	1670	1322	1686	476	1458	2376	1432	1376	1724	1386	1766	1860	1520	2074	1778
GT90	1358	864	1714	262	1040	540	1126	518	760	368	508	588	1896	1118	2362	54	214	2040	2248	2000	1864	2074	1340	1320	542	1414	2874	1774	1142	4596	1636	1792	1470	1598	2060	1586
GT39	1756	3028	942	3086	5500	1760	1650	1682	1308	952	2200	1040	912	630	910	150	476	854	1226	1568	1166	1068	1482	1196	1028	958	1084	896	1466	738	1884	1324	1312	1116	1488	816
GT10	884	872	888	912	812	1200	990	2110	1560	2196	952	1930	674	1876	1112	6804	4062	960	1230	1136	856	948	1078	1120	2716	1006	1256	950	746	944	880	890	906	944	1240	902
GH84	1478	1642	1268	816	912	1202	1460	1648	1736	1386	1924	2486	820	1316	1298	1240	1572	1114	2140	1576	1238	1152	968	1974	3142	972	1420	908	1016	996	1406	1024	938	1052	1662	1204
GT13	892	530	1728	292	714	614	2400	462	534	418	740	426	2278	1444	1868	128	356	2592	1486	2232	1788	1930	1580	1348	300	1314	1688	2202	1436	3228	1738	1834	1700	1604	2014	1212
PL6_1	1300	1264	728	1688	1124	1192	1152	1432	1602	1086	1168	1094	846	1150	1388	604	832	1594	1180	2438	1492	2168	1916	956	1426	1442	938	1104	1020	2888	1042	1380	1170	1090	1536	962
GH13_28	1120	1866	798	1948	3384	2002	1774	1828	1674	1612	1938	1124	1016	1040	1524	706	1462	1250	806	1238	1294	972	1278	1256	1578	802	1134	640	1110	746	1028	836	1028	760	1076	1266
PL9_1	1230	540	1430	568	860	954	958	1020	886	914	1182	994	1176	1044	1990	876	884	1180	1444	2558	1820	1536	1576	1034	574	1018	1672	1162	1084	3720	1324	1708	1542	1302	1776	1278
GT14	960	994	1182	536	852	992	1434	846	926	546	1210	642	1226	920	1202	606	468	1068	1420	1508	1742	1640	1040	1416	1384	2794	1846	2540	1372	1390	1760	2064	1270	1228	1916	1714
PL26	1234	952	1680	548	1078	866	1328	724	694	662	1036	686	1934	574	2458	74	272	802	1740	1766	1760	1490	988	1140	380	1642	1636	1782	1192	1610	1378	1704	1762	1532	2206	1272
GH50	948	292	1344	600	376	692	1488	904	896	786	916	684	994	956	1088	206	464	1100	1958	1552	1680	1526	1186	1136	2450	1194	2300	1158	1488	1084	2134	1630	1270	1390	1958	1844
AA4	2194	2412	876	1326	770	670	1838	862	680	676	2218	658	918	1286	1126	92	254	1512	1450	1646	1262	1078	1522	1410	1126	1394	1724	1226	1110	702	1440	1240	1198	884	1320	1238
GH43_17	1056	1124	1168	1002	1196	838	1226	794	990	670	1608	674	872	1012	1148	92	378	1244	1352	1834	1968	1636	1468	1194	574	1840	1948	1266	1242	998	1454	1504	1274	1252	2096	974
GH30_8	968	712	1680	668	734	998	1152	1422	826	1144	566	646	1310	648	1978	1836	1594	682	1570	928	1366	1334	1308	916	166	1116	1110	1602	1312	1342	1154	1670	2090	1502	1688	954
GH43_28	1262	1098	908	1732	1200	1380	1720	1382	958	1014	1550	804	986	488	1026	132	538	694	1008	936	1244	1018	1562	2012	584	1368	1722	1298	1056	634	1416	1506	1164	1088	1692	2372
GH43_16	1284	1166	1274	878	842	1086	1580	1652	950	1290	804	826	1076	578	1808	2374	1816	798	1230	966	1226	1104	1210	1268	242	1210	858	1304	1084	878	1062	1426	1520	1210	1458	1084
GH30_3	1176	658	1342	528	888	1108	1588	1312	1196	824	1148	698	1106	596	1336	106	334	738	1250	2080	1326	1350	1046	1094	1176	2250	2118	1416	1082	942	1704	1560	1162	930	1468	1760
GH4	1170	1466	1120	2394	1348	1456	1262	1258	1000	960	1486	1028	1026	758	1306	190	532	1180	1156	1262	1220	1232	1146	1100	920	1258	1238	1132	1092	1050	1300	1264	1310	1128	1318	1102
PL32	578	146	1914	424	426	934	1228	792	582	984	752	414	1904	536	1630	140	538	606	1970	962	1834	1462	1282	1720	344	1070	922	2430	1860	798	2002	1464	2218	1740	1862	1356
PL11	1288	1004	1680	554	794	816	1478	622	608	422	892	478	1632	622	1950	88	130	790	1664	1278	1462	1190	992	1228	438	1510	1610	1452	1140	1280	1294	1644	1728	1442	1656	1368
GH38	774	1352	786	1094	734	990	1688	1432	960	1290	1562	1038	892	1124	912	1368	1428	1138	1114	880	1388	982	1226	1442	1116	1150	1430	716	1056	646	860	1260	840	692	1128	1322
GH156	910	656	1406	380	614	618	1446	636	684	340	920	414	1354	714	1618	88	210	978	1790	1382	1512	1430	922	1200	662	1422	1728	1284	1214	1304	1390	1540	1400	1338	1838	1694
GH5_46	868	1102	1298	238	782	604	1286	550	574	340	770	676	1172	458	1790	58	154	646	1576	1994	1822	1338	924	1092	310	1478	1868	1410	950	1452	1230	1758	1568	1244	1810	1296
GT23	816	896	1044	476	774	816	1018	912	1026	916	1344	1510	934	1000	1334	2174	1424	578	1470	878	1072	878	736	938	2390	808	1048	890	750	852	974	866	1220	1016	1010	1026
GT20	194	834	12	1048	316	1204	120	2822	2104	3292	850	2586	278	2402	62	7516	6118	580	102	228	186	84	920	680	1656	172	376	34	110	20	68	154	68	72	34	76
GH43	876	1108	932	590	566	670	1266	804	648	540	812	682	1042	1040	1466	80	454	1480	1226	1210	1288	1444	932	1206	422	1242	1750	1230	1022	760	1308	1098	1570	1160	1384	1356
GH43_3	798	1278	706	458	626	728	1176	980	1070	1100	996	1154	890	804	1064	1214	1600	772	1112	1506	1108	1354	1090	1142	690	1040	1682	826	822	862	784	1002	808	698	1066	618
GT69	326	592	156	462	196	664	322	1112	1620	1982	650	1632	426	3016	214	5090	3228	2972	204	1212	378	528	942	542	1274	254	1064	198	94	1846	160	394	156	216	276	202
GH13_42	938	1342	1052	1416	1170	1398	1384	1146	1024	966	1442	576	738	862	940	72	800	1134	804	858	1096	848	1172	926	782	822	1078	604	1094	520	744	764	950	760	874	950
SLH	1486	2978	1136	670	1152	510	1170	580	384	238	1758	284	692	472	820	20	58	860	1098	1088	960	988	918	912	490	830	1196	744	988	626	1138	930	1206	1074	1180	748
PL9_2	862	848	544	1082	752	910	690	988	882	878	944	670	746	738	690	1030	886	898	1002	1264	922	990	882	1092	596	932	898	814	996	716	1158	1220	1054	892	1294	566
AA7	920	706	1118	896	952	624	952	596	770	592	832	714	826	534	1282	60	330	684	1232	1342	1070	1004	1036	802	482	954	960	1238	1012	748	1304	1134	1136	930	1342	1004
GH30_5	648	602	886	730	408	768	882	912	754	856	866	798	890	738	1048	1248	1080	586	982	1038	964	1304	856	834	442	856	980	860	712	692	726	998	956	826	1188	514
GH13_7	856	920	1568	196	668	462	1046	434	448	366	648	468	1002	730	1710	52	164	996	1420	1524	1042	850	950	652	192	716	1096	986	1078	1088	782	1088	1242	1140	1126	714
GH93	516	1014	536	590	440	610	986	810	1136	1126	744	1018	622	1044	582	2126	1912	762	930	842	710	746	668	1092	798	628	1282	786	562	588	514	678	626	626	890	694
CBM37	870	1156	672	1310	840	1072	792	936	736	648	1024	394	888	432	868	94	562	648	760	656	806	892	840	1182	736	754	660	866	702	514	1182	1056	944	708	914	730
AA3_1	824	940	698	1202	712	894	926	644	732	634	988	836	660	622	986	104	384	712	908	910	936	860	832	950	624	644	996	906	866	516	944	948	980	732	860	778
GH142	808	544	1336	348	482	488	990	424	334	336	558	290	1066	668	1172	60	230	878	1230	1160	1178	1054	894	674	384	918	1340	1118	900	836	1032	988	1012	988	1192	736
CBM16	696	378	1174	638	788	808	900	480	496	466	552	458	1030	418	1196	110	306	592	1194	688	1024	938	842	914	244	948	808	882	914	846	1238	932	1162	932	1250	862
GH65	684	974	556	1354	902	866	1050	978	622	626	870	390	648	524	794	78	344	632	776	1022	1094	748	904	728	432	926	886	666	814	490	716	856	812	752	896	978
GT2_Glyco_tranf_2_5	882	1060	884	534	634	572	738	656	944	294	988	1186	444	332	888	78	170	466	1506	1000	488	558	446	616	2134	408	814	562	434	728	1174	786	834	604	760	532
GH66	640	546	840	308	590	486	934	480	698	358	712	352	968	508	1156	66	242	604	1012	1190	938	1008	818	882	246	944	1102	992	502	1008	576	768	922	758	954	648
GH148	546	180	1008	398	276	432	828	596	440	542	528	402	598	672	620	540	446	754	1190	832	842	764	784	686	1118	808	1112	598	910	674	1264	826	742	844	1102	842
GH5_37	906	956	558	1782	856	904	812	948	582	628	844	494	536	372	698	138	282	600	656	592	648	688	802	988	424	652	688	526	764	340	964	1028	876	670	744	684
GH5_13	642	372	862	318	406	470	908	572	532	458	572	448	592	758	694	66	336	920	890	1032	842	786	738	688	494	808	1092	684	790	662	1024	916	838	848	1410	886
CBM57	396	502	478	456	254	760	276	1142	1026	1398	640	1078	560	1098	498	2738	2572	446	530	406	520	352	624	516	1196	270	706	500	414	496	346	432	454	430	466	314
GH13_5	806	1700	398	2294	1420	1218	750	1092	740	684	1324	606	444	462	540	94	374	558	692	680	478	736	686	690	430	432	630	428	554	264	620	540	536	354	464	414
GH45	146	222	54	1764	336	1030	106	3154	772	2172	264	758	34	154	30	7796	3322	44	50	6	6	46	896	530	56	64	28	22	62	2	16	60	36	94	246	22
GH144	472	466	496	506	542	558	980	552	544	532	650	514	564	516	772	352	608	648	724	702	796	1048	592	800	458	864	794	638	632	694	670	874	868	722	1130	768
GH5_26	686	262	540	332	620	680	730	696	854	464	546	462	748	436	592	72	216	548	720	1256	642	858	670	664	632	1026	1220	1402	430	286	732	616	858	604	846	758
CBM40	636	288	762	294	394	630	762	460	614	362	646	420	892	452	712	44	190	690	1062	900	850	1044	694	688	342	758	814	740	764	560	668	1076	938	726	1036	708
GH137	612	250	1160	218	626	396	562	306	306	248	532	254	940	314	1334	90	126	396	1182	624	980	718	516	454	352	930	1158	1160	600	708	774	1012	1116	854	966	708
GH55	464	470	712	686	456	488	660	848	624	910	692	558	502	532	550	512	928	558	756	896	708	760	606	670	498	660	1000	596	646	600	548	586	714	610	784	570
PL3_2	28	258	0	952	300	610	152	2144	976	2476	304	1150	40	240	0	7186	4360	48	48	10	6	12	804	806	124	8	0	2	10	0	0	0	2	18	26	32
PL29	348	206	754	122	284	220	388	178	226	196	288	122	404	1596	772	46	130	3468	652	1400	646	960	692	228	156	466	828	684	488	2536	582	654	608	478	628	456
GH128	642	316	1058	252	830	396	774	452	470	294	466	456	688	526	1122	288	170	600	962	876	698	790	612	658	148	642	1192	672	706	638	564	916	846	666	650	460
CBM74	356	642	136	710	2208	968	344	1038	1050	1164	1002	1132	274	870	656	1518	2048	512	138	546	236	222	408	364	1024	196	252	160	260	198	196	252	160	224	266	282
GH124	582	876	510	910	738	866	664	872	696	746	636	482	504	374	562	516	746	466	352	476	554	676	566	734	760	406	600	468	628	396	558	682	580	440	522	474
CBM22	708	350	740	308	498	490	708	488	480	332	516	344	634	364	858	350	348	554	622	622	710	514	522	646	248	750	600	680	752	598	674	1070	926	646	770	914
GT22	436	234	712	178	316	256	522	272	276	240	416	220	610	338	766	48	114	562	662	1518	492	1068	514	546	158	578	1234	570	502	2690	564	700	762	610	800	472
GH110	386	326	640	266	264	334	792	338	328	232	458	228	770	522	674	66	150	704	1004	496	924	674	510	784	676	616	1108	516	664	480	944	636	768	638	900	1084
GH13_19	586	772	428	858	446	886	812	804	1000	616	480	398	664	474	562	102	428	484	512	700	580	622	640	610	440	666	674	592	440	500	574	428	602	480	460	428
PL6	364	774	344	750	386	932	468	1110	910	980	738	884	346	758	344	734	1162	556	488	584	428	356	424	434	1298	534	266	404	438	292	410	374	354	274	362	190
CBM34	656	846	482	932	608	668	622	630	554	408	808	680	432	298	636	66	244	430	742	582	450	490	484	708	918	410	654	496	524	386	714	564	648	436	596	568
CE13	604	964	436	1074	660	634	606	576	426	534	776	386	446	380	470	352	374	390	502	436	624	492	628	928	264	426	674	508	534	300	636	610	582	404	696	1026
GT2_Glyco_tranf_2_2	490	464	534	426	480	748	542	636	542	408	618	422	398	730	482	622	528	632	518	894	366	680	484	630	702	766	536	658	824	266	582	454	538	456	594	484
GH129	536	266	600	470	294	348	630	436	376	248	500	274	488	438	456	38	124	646	962	610	1210	526	548	562	570	976	770	596	692	516	554	598	618	638	1026	674
GH98	424	130	960	128	484	288	650	222	256	158	290	328	806	348	1094	10	108	528	984	736	784	618	442	438	84	704	502	730	622	774	532	956	830	784	1028	484
GH13_29	564	684	528	1128	1602	736	644	436	506	382	764	1058	200	170	534	62	234	258	474	414	364	420	314	398	2052	226	430	380	294	234	596	444	408	394	620	276
GT25	560	306	690	254	542	326	420	290	436	238	312	224	616	744	606	32	250	1248	632	676	474	546	452	404	370	704	1074	618	272	732	620	646	738	682	852	620
CBM62	354	278	386	330	308	424	482	634	384	590	364	516	570	398	592	1744	780	382	538	640	604	712	504	484	190	584	818	566	450	442	384	528	530	434	758	348
GH30_4	408	494	846	118	464	346	696	120	156	144	442	142	648	134	1218	14	46	216	816	758	786	836	482	474	126	400	440	632	624	1272	734	786	958	782	802	462
GH43_9	578	244	572	110	332	348	616	326	190	258	548	208	392	414	622	44	128	466	684	722	992	690	520	410	146	1214	586	696	538	864	668	824	434	478	1164	456
GH43_18	500	246	778	196	286	298	434	286	188	222	452	230	484	260	848	62	96	412	848	762	610	826	542	348	140	632	1068	674	572	862	774	830	766	666	814	422
GT76	480	532	412	802	732	512	494	710	420	498	598	348	446	544	510	320	704	588	550	436	338	506	472	456	422	322	626	274	526	816	744	476	470	412	592	262
GT17	296	314	676	220	110	476	248	484	934	724	470	1774	106	612	504	2010	990	292	704	316	118	146	166	234	2458	94	148	176	412	68	372	192	606	490	244	36
GH165	376	364	456	250	404	454	408	374	338	312	618	210	516	420	418	62	256	514	818	722	670	712	436	544	492	890	616	612	558	402	680	598	498	494	968	586
GH11	286	314	128	774	238	630	252	1058	686	1068	332	638	144	598	376	2416	1692	590	256	498	428	338	642	392	100	416	182	146	284	264	134	406	232	222	404	156
GH136	608	446	480	238	330	310	582	368	314	318	584	234	346	400	394	74	224	538	584	610	942	550	1100	446	202	658	540	688	480	360	476	542	682	536	572	552
GH43_31	312	570	522	208	300	222	612	198	246	180	370	200	648	258	766	28	98	394	672	754	580	718	456	660	232	754	882	548	552	648	504	654	444	468	682	366
GH43_26	426	584	382	506	498	464	524	436	578	350	552	352	380	384	498	26	158	540	528	524	588	624	532	536	346	310	950	504	482	292	584	520	334	356	564	434
GH30	396	512	492	222	246	250	602	288	224	236	534	364	470	284	624	100	122	448	502	668	494	530	428	564	204	800	732	664	422	624	576	580	590	480	642	710
GH87	240	382	132	364	186	630	274	988	990	1158	650	918	306	664	240	1262	1948	416	238	322	284	234	394	358	846	232	224	222	148	154	158	236	182	162	226	174
GH108	578	164	390	1242	646	810	416	218	632	506	406	192	286	250	338	84	148	416	624	810	456	494	582	280	726	290	436	264	268	434	608	542	326	264	304	296
GH121	412	252	524	88	336	310	456	238	208	206	332	232	546	164	878	22	54	308	764	722	622	568	474	388	154	482	604	600	516	586	528	664	664	606	814	384
CBM44	440	84	552	102	526	196	384	332	654	348	336	316	504	176	510	14	178	284	720	690	520	896	650	448	142	534	252	426	882	276	418	886	386	384	568	428
CBM51	440	174	592	280	350	334	452	380	366	226	468	124	428	366	564	42	112	446	732	564	554	488	460	332	184	516	588	376	510	376	492	502	512	546	786	288
GH37	338	184	326	356	208	400	524	354	372	242	504	364	380	402	488	20	182	406	500	562	594	452	444	486	178	636	576	474	342	406	460	514	556	410	542	696
GH30_2	346	500	374	120	1456	328	586	178	188	270	794	182	336	344	480	20	170	402	438	510	532	480	422	490	82	504	490	308	414	520	452	480	488	344	486	244
GH5_1	246	198	180	842	210	588	218	1252	462	938	242	386	142	160	194	2908	1200	230	88	198	208	220	510	450	80	220	162	118	156	154	122	374	228	254	334	118
PL4	340	162	596	130	216	298	622	286	252	182	362	200	528	158	574	30	112	252	566	366	524	458	364	556	196	548	620	476	474	470	524	628	608	526	520	762
GT101	216	336	204	278	268	334	284	948	360	764	466	532	186	450	156	2452	776	294	132	476	310	198	242	334	832	252	254	150	162	194	298	238	114	158	186	486
GT21	218	248	468	70	108	132	1528	172	278	178	188	298	340	332	410	380	264	468	616	252	424	336	214	268	294	388	656	404	686	484	388	954	342	438	798	224
PL31	242	228	204	438	344	602	172	548	610	662	522	604	172	428	256	1246	1076	426	206	534	340	304	406	262	492	248	148	184	244	240	224	214	196	160	400	102
PL27	286	402	390	268	288	304	458	276	264	252	272	278	400	172	826	42	96	246	560	386	436	412	386	464	176	598	498	466	394	276	420	598	512	516	532	376
GH13_3	340	306	374	278	274	310	370	296	400	294	336	326	276	326	412	194	224	254	482	490	402	408	456	356	230	416	550	454	360	306	476	574	436	508	676	292
GH151	346	218	462	178	252	318	372	326	308	324	284	228	502	250	618	130	290	314	408	362	462	332	310	470	168	388	508	546	492	382	448	480	480	384	592	484
GH59	292	134	496	146	224	182	438	150	144	150	114	120	678	156	808	30	26	166	630	550	494	700	272	460	52	380	674	516	442	510	416	450	630	676	644	450
GH116	348	508	338	240	196	286	602	202	158	190	400	186	466	244	430	22	186	350	354	474	482	586	370	558	168	566	638	422	398	284	534	336	380	282	584	432
PL33_1	328	282	488	294	248	306	462	232	234	254	338	296	466	202	592	152	126	230	600	432	390	408	310	374	174	352	568	472	444	406	416	402	482	416	570	402
GH13_21	372	560	288	894	476	402	410	480	352	294	498	256	254	170	312	28	194	302	408	320	332	442	392	420	206	404	438	448	366	144	466	352	380	272	362	314
GH13_18	414	802	218	624	2012	358	366	274	150	184	872	156	220	146	470	14	120	232	290	422	306	358	264	282	252	288	290	302	278	98	318	416	304	256	316	312
PL11_2	410	196	632	136	282	232	408	184	236	150	112	172	458	158	622	24	58	232	672	472	458	562	304	412	78	368	596	540	446	468	510	444	528	478	542	290
GH5_27	52	230	0	352	122	434	88	1022	882	1312	326	1004	50	572	30	2168	2304	176	26	102	44	26	352	236	576	30	54	6	30	4	10	52	18	4	10	16
AA3_2	374	510	312	658	426	544	398	378	350	370	562	320	172	218	230	150	208	264	264	278	386	412	426	384	330	324	424	294	324	182	396	400	476	236	374	284
GT84	266	490	226	434	318	306	386	208	172	218	436	118	256	220	600	32	156	214	478	292	334	344	348	672	228	292	550	390	362	350	606	390	358	320	438	420
GH13_23	320	334	306	412	276	366	396	226	342	184	420	412	332	128	426	36	104	176	350	404	382	306	298	468	484	334	366	410	238	196	562	466	452	374	466	424
GH81	392	216	260	132	204	152	468	164	330	246	278	492	268	324	588	34	196	378	384	452	358	322	386	416	88	362	836	286	246	414	148	486	388	412	378	360
PL35	308	164	354	126	142	426	360	264	266	240	460	198	226	284	410	16	152	460	402	472	514	486	488	304	156	420	454	304	432	348	508	334	364	368	390	234
GH13_37	274	126	336	42	250	168	188	158	222	100	282	268	210	180	558	16	28	198	582	866	572	342	284	176	78	638	340	540	282	422	550	732	436	414	554	148
CBM79	48	176	2	672	134	426	58	1410	414	1104	156	432	10	80	4	3634	1902	10	18	8	10	4	344	338	34	0	0	0	12	10	8	8	2	8	8	4
GT56	186	528	208	64	128	118	314	122	60	64	270	166	472	664	302	20	80	1050	372	470	300	340	214	342	144	332	806	360	300	384	340	434	320	334	440	238
GH30_1	256	322	238	434	234	316	356	302	314	218	202	202	278	278	330	40	94	362	352	418	558	406	314	422	176	392	386	252	314	288	476	370	332	274	374	366
GH54	252	178	262	174	268	434	470	276	126	364	632	126	242	188	206	42	150	234	178	424	282	190	450	448	124	612	204	316	296	124	524	702	354	308	732	344
GH5_36	214	72	330	110	140	104	296	158	122	162	144	66	504	252	336	22	76	270	506	546	376	326	286	228	290	442	784	392	368	368	422	416	610	538	550	376
GH43_11	246	270	104	312	3194	282	230	204	170	110	826	236	128	146	456	14	180	228	182	438	184	236	158	142	210	144	242	118	188	196	210	218	180	150	158	220
GH5_54	222	424	28	196	80	376	126	608	660	816	446	736	116	462	72	898	1368	234	104	266	128	104	210	254	658	80	174	30	80	46	76	160	22	46	66	226
GH19	136	130	330	208	420	258	148	438	290	410	144	296	360	108	274	1322	564	70	152	238	252	170	210	246	438	304	396	268	218	160	450	216	222	136	224	208
PL10_2	362	140	608	32	184	150	174	68	112	78	216	76	286	156	492	10	52	130	502	316	484	458	238	98	84	582	404	472	274	534	332	468	366	324	488	296
PL4_4	200	240	436	52	96	312	276	68	106	182	138	42	448	88	448	40	24	94	418	294	372	304	252	406	28	272	336	734	194	326	380	324	346	420	518	320
GH43_27	440	212	200	364	210	180	282	260	158	138	264	194	202	202	304	16	102	250	196	240	278	308	178	440	80	306	296	262	366	230	286	488	414	390	414	286
GT46	318	136	514	78	228	118	222	120	102	70	216	298	222	240	340	16	74	368	406	506	216	290	150	298	374	334	448	362	214	296	322	402	260	282	324	258
GH113	240	186	188	510	268	356	152	346	246	248	250	184	246	148	212	46	144	228	350	262	286	224	274	348	156	256	242	288	364	186	326	324	324	322	394	228
GH85	146	416	286	74	76	106	420	114	68	50	376	78	204	106	688	28	34	228	660	374	406	332	174	330	116	352	718	176	230	304	272	188	174	190	368	450
CBM45	70	268	4	144	92	304	58	828	700	778	322	742	94	680	24	1198	1256	188	30	106	54	6	216	140	560	30	76	8	40	12	18	44	32	24	6	16
GH112	318	340	162	732	438	328	252	418	184	280	308	166	192	128	292	28	82	124	216	276	194	252	274	240	220	262	260	242	380	96	210	258	314	218	228	172
CBM72	248	102	282	88	162	128	260	166	180	132	112	162	310	218	390	24	150	298	324	490	302	206	184	228	82	318	368	300	242	490	292	340	408	398	274	316
GH43_33	210	102	186	164	108	142	246	116	184	162	224	100	240	162	232	44	58	226	356	536	288	478	222	334	68	408	588	338	188	310	266	276	276	192	348	210
GH13_25	28	178	2	212	56	218	28	800	494	760	154	510	90	582	14	1822	1348	160	28	82	46	8	200	158	378	20	42	4	22	4	10	28	10	16	10	16
GH64	96	172	250	232	84	278	98	600	596	684	302	658	48	268	120	978	1348	106	54	102	66	26	194	128	372	60	34	20	28	70	12	50	62	56	80	36
CBM2	264	274	222	254	232	116	258	168	130	88	204	114	220	120	260	26	84	222	248	350	312	414	200	344	104	284	252	274	254	184	300	442	294	280	286	182
GH149	280	130	182	32	102	138	220	260	264	92	116	188	346	176	386	20	42	284	306	378	384	156	412	412	114	260	352	218	132	280	164	282	312	214	260	132
GH13_10	170	308	204	164	200	234	348	318	230	168	240	162	272	144	262	66	154	132	196	372	286	290	310	226	150	236	324	146	206	232	126	184	274	226	244	194
CBM77	202	178	252	60	176	128	248	108	156	118	110	124	306	74	262	180	86	142	348	202	324	212	164	250	70	314	370	274	218	284	258	280	382	304	330	234
PL22_2	234	160	408	70	102	142	282	74	94	136	256	88	212	72	244	24	20	82	434	212	336	280	238	112	120	400	434	312	222	368	310	338	196	228	276	206
GT57	46	206	6	172	28	230	14	478	482	630	172	524	58	706	34	1324	1160	198	24	66	46	6	174	110	514	26	134	8	20	0	6	46	20	30	4	16
GH120	292	158	170	476	182	184	226	292	186	218	234	126	100	182	142	22	112	158	196	166	196	164	252	332	180	174	222	224	286	132	270	220	264	192	272	174
GH5_8	72	96	70	510	162	272	116	644	306	732	112	308	102	82	102	978	1204	24	120	38	50	58	278	122	54	54	58	76	50	60	56	54	68	60	90	118
GT2_Chitin_synth_2	346	382	156	134	146	90	250	122	86	158	326	148	182	212	178	20	60	244	296	214	286	160	252	250	260	154	260	188	220	134	242	278	212	190	294	208
GH114	228	294	136	368	362	232	164	214	234	100	308	160	88	102	170	14	76	148	198	264	204	212	324	234	190	152	182	206	204	170	150	240	166	104	202	192
PL12	130	60	134	108	168	86	158	198	120	138	238	114	232	218	192	50	118	230	312	240	194	190	180	174	156	190	248	152	238	222	256	326	204	222	278	144
GH5_44	122	198	82	450	1454	262	178	142	92	196	440	168	62	128	172	16	130	98	94	168	84	158	132	144	40	94	146	112	154	74	96	124	104	88	114	70
GH164	100	118	132	186	126	118	232	146	170	92	278	262	88	110	224	16	62	126	268	356	212	246	208	200	66	282	242	138	160	192	138	198	134	154	330	126
PL9_3	60	198	42	146	118	52	114	224	452	524	192	696	124	260	102	474	752	154	80	118	56	76	134	72	270	58	116	44	56	60	44	84	78	60	98	36
GH43_37	110	198	210	92	114	114	214	216	122	210	50	132	180	90	276	486	342	120	194	188	148	184	228	240	50	114	204	150	210	204	96	196	124	160	154	100
GT75	40	182	10	232	204	168	158	480	198	312	300	236	56	252	18	1116	622	166	96	134	42	70	134	162	310	68	64	8	26	18	50	76	76	44	52	32
GT6	104	144	232	16	94	76	150	80	60	24	86	170	224	18	356	6	14	18	238	380	244	86	86	82	62	218	182	384	160	310	162	344	264	190	262	360
GH13_24	28	228	10	92	32	184	58	338	450	578	212	586	56	240	12	678	824	148	12	122	42	8	154	80	418	28	52	4	6	2	12	40	10	10	10	12
GH82	142	100	262	70	122	98	108	86	86	84	110	118	196	114	360	36	58	126	170	124	182	126	150	148	46	154	234	226	218	196	176	200	226	170	260	114
GH5_48	92	20	254	58	20	70	126	56	74	120	82	58	84	86	162	124	112	122	306	124	170	170	178	96	354	74	368	146	196	98	344	256	252	154	208	166
GH13_2	106	72	222	34	82	116	184	74	84	122	102	140	202	64	246	74	98	70	156	148	162	138	90	142	68	144	248	260	236	224	140	162	248	206	248	204
CBM38	66	40	152	96	124	116	118	118	86	264	108	58	144	154	128	22	114	190	176	282	130	220	236	140	100	180	124	150	142	156	242	124	230	240	164	156
GH43_22	174	128	80	310	220	168	98	148	170	90	300	134	102	138	164	6	60	176	182	178	124	272	190	150	66	126	108	114	146	66	178	202	124	76	136	116
CBM69	132	108	212	92	196	154	156	206	160	176	148	74	134	100	206	20	26	140	190	154	174	146	186	138	20	104	168	108	240	120	106	238	168	134	154	220
GT33	36	472	36	154	20	126	118	186	170	302	130	246	74	252	44	492	462	60	248	68	62	86	104	120	240	38	154	30	40	56	14	58	90	84	70	74
AA8	128	208	98	242	152	152	164	160	120	116	214	118	70	96	110	14	64	148	134	174	124	132	118	178	116	110	160	102	190	102	230	190	104	110	154	140
CBM30	86	116	142	78	78	106	72	152	156	104	138	76	156	128	168	48	114	150	156	182	182	188	100	184	90	132	182	124	146	130	104	182	166	132	220	132
AA11	24	206	0	66	10	178	24	238	406	436	138	422	30	266	8	672	532	138	14	116	26	4	130	36	378	52	34	6	14	2	12	56	18	18	8	4
AA5_2	36	88	36	114	40	196	30	304	286	422	94	324	26	268	40	552	828	62	22	52	32	10	112	58	220	50	70	36	38	26	18	26	70	28	28	66
CBM21	100	158	40	222	224	188	134	132	170	202	200	96	124	100	120	10	118	60	66	100	116	102	94	96	162	98	126	52	120	62	106	80	126	108	136	102
GH13_30	106	26	48	64	1662	116	38	62	66	36	430	104	10	86	146	0	40	70	58	226	66	38	76	28	22	62	28	52	38	76	124	134	14	18	44	16
GH43_20	86	110	164	52	126	102	144	74	44	82	106	94	188	28	252	10	6	54	190	178	130	184	148	128	24	62	140	216	108	106	148	186	202	144	124	90
PL8	76	76	60	76	44	152	96	142	168	176	98	108	104	222	114	508	270	242	50	142	94	84	140	80	112	78	118	72	60	64	56	32	70	56	132	34
GH43_8	82	76	128	20	30	26	164	38	36	6	32	74	134	66	102	2	14	90	204	328	142	282	116	168	96	268	304	114	84	132	100	70	100	108	212	124
GT62	108	224	30	150	178	126	222	208	136	52	272	62	66	82	82	10	52	84	60	150	66	148	100	184	186	72	124	38	112	46	114	68	102	78	152	102
GH161	126	88	116	122	34	54	252	112	130	78	188	62	92	118	72	4	64	166	192	108	74	146	180	230	26	124	102	76	168	74	74	118	76	64	186	44
GT107	112	272	198	44	38	48	154	34	108	82	104	18	74	128	68	16	30	164	200	140	106	208	88	66	122	96	178	180	100	94	116	134	62	60	142	130
PL22_1	60	70	146	32	56	94	142	88	66	84	74	88	112	94	148	58	128	66	106	104	102	122	192	144	54	122	110	126	120	120	124	144	190	134	116	128
GH5_10	54	40	22	218	48	192	12	300	164	398	92	148	6	34	30	794	614	16	18	18	10	42	136	66	16	52	28	14	22	22	12	16	24	42	104	12
GH117	72	64	54	144	132	98	74	98	88	94	156	82	74	94	88	40	216	126	120	140	134	136	78	126	30	92	146	150	142	80	134	96	120	74	118	98
GH13_15	30	114	0	76	30	150	38	230	224	364	98	252	22	190	2	638	710	62	20	34	8	4	90	92	124	10	20	2	8	0	0	20	6	6	2	6
GH147	116	58	126	32	70	60	130	92	108	64	74	40	108	114	118	18	40	174	158	280	74	92	100	118	74	78	138	128	134	102	122	106	84	70	178	84
GH15	72	122	58	80	118	58	106	118	100	64	174	156	42	132	84	4	166	184	92	148	90	110	84	118	82	48	122	62	100	76	80	172	68	60	66	68
GH91	124	76	56	130	182	114	32	132	62	160	172	120	58	76	30	54	164	92	158	74	54	88	122	38	84	14	34	78	84	86	168	72	160	112	148	24
GH13_13	58	58	122	60	112	84	90	64	56	42	70	56	74	52	130	10	32	92	78	174	116	94	112	78	14	96	88	166	152	160	98	156	136	114	128	150
CBM41	142	76	60	232	116	144	156	184	116	116	154	54	42	56	46	8	48	70	172	56	52	112	96	134	44	114	90	68	66	40	84	68	112	68	100	66
GH13_16	142	44	116	94	130	114	86	92	62	58	124	58	50	62	102	12	62	98	82	176	114	90	110	80	56	152	124	108	112	84	80	120	106	92	108	58
CBM23	88	44	38	64	40	102	124	94	138	76	144	54	90	44	58	88	32	116	162	70	102	116	86	182	30	126	158	40	80	82	68	140	148	50	100	128
GT73	146	118	46	66	76	52	106	50	40	88	104	90	134	58	34	14	56	80	76	136	78	68	70	60	168	50	302	94	98	102	66	64	50	78	158	170
GH159	66	52	104	46	62	112	68	48	58	62	74	38	380	40	146	10	50	70	54	88	126	88	104	74	8	62	92	312	84	80	134	50	74	34	98	56
GH5_19	66	10	92	30	44	34	68	40	54	42	60	60	92	34	94	18	6	68	150	58	198	106	56	52	198	106	186	80	78	86	146	160	82	126	152	150
GH158	46	14	96	50	22	38	70	74	50	84	64	86	122	68	48	20	114	114	146	98	128	132	124	74	68	96	104	52	120	88	122	112	96	102	146	80
GH79	80	42	74	38	124	46	148	44	24	24	56	32	116	40	212	114	12	60	154	222	150	60	130	74	44	82	104	74	70	190	28	74	70	70	96	54
CBM3	88	48	22	116	52	78	48	220	84	158	88	132	38	68	116	102	230	68	22	96	90	58	172	116	30	90	48	18	44	34	14	122	104	48	138	30
CBM25	82	40	68	56	678	78	92	18	44	32	200	52	30	74	160	6	46	108	42	120	22	42	30	50	108	52	86	42	110	78	34	98	46	56	54	60
PL4_1	40	20	108	34	58	56	64	146	72	62	58	114	72	58	156	4	42	70	130	120	96	56	44	96	98	56	106	106	96	130	86	86	108	100	86	56

